{
	"count":6,
	"props":[[1,50,100,500],[-1,0,300,300],[-1,0,700,300],
			[0,50,900,500],[-1,0,700,700],[-1,0,300,700]],
	"adj":[[1,5],[0,5,2],[1,4,3],[2,4],[5,2,3],[0,1,4]],
	"escape":2,
	"nodeBonus":4,
	"edgeBonus":1,
	"firstlvl":10,
	"secondlvl":30,
	"lossRate1":0.666666666666667,
	"lossRate2":0.333333333333333,
	"turns":30
}